[gd_scene load_steps=11 format=3 uid="uid://c0de7p2deucd3"]

[ext_resource type="PackedScene" uid="uid://b4kad2kuba1yn" path="res://addons/godot-xr-tools/hands/scenes/lowpoly/left_hand_low.tscn" id="1_eu78p"]
[ext_resource type="PackedScene" uid="uid://clc5dre31iskm" path="res://addons/godot-xr-tools/xr/start_xr.tscn" id="1_tq1cx"]
[ext_resource type="PackedScene" uid="uid://dnljxafte1ren" path="res://scenes/fish_spawner.tscn" id="2_6l4cn"]
[ext_resource type="PackedScene" uid="uid://raeeicvvindd" path="res://addons/godot-xr-tools/hands/scenes/highpoly/right_hand.tscn" id="2_x1aml"]

[sub_resource type="PrismMesh" id="PrismMesh_cadp6"]

[sub_resource type="StandardMaterial3D" id="StandardMaterial3D_hp4jy"]
albedo_color = Color(0, 0, 1, 1)

[sub_resource type="ProceduralSkyMaterial" id="ProceduralSkyMaterial_gr04c"]

[sub_resource type="Sky" id="Sky_nhufu"]
sky_material = SubResource("ProceduralSkyMaterial_gr04c")

[sub_resource type="Environment" id="Environment_0xlwx"]
background_mode = 2
sky = SubResource("Sky_nhufu")

[sub_resource type="GDScript" id="GDScript_6lwvt"]
script/source = "extends XROrigin3D

# Called when the node enters the scene tree for the first time.
func _ready():
	pass # Replace with function body.


# Called every frame. 'delta' is the elapsed time since the previous frame.
func _process(delta):
	pass
"

[node name="main" type="Node3D"]

[node name="MeshInstance3D" type="MeshInstance3D" parent="."]
transform = Transform3D(0.577675, 0.176295, -0.797002, -0.103461, 0.984337, 0.142743, 0.809683, 0, 0.586867, 0, 0, -3.67718)
mesh = SubResource("PrismMesh_cadp6")
skeleton = NodePath("../Player/right_hand")
surface_material_override/0 = SubResource("StandardMaterial3D_hp4jy")

[node name="environment" type="WorldEnvironment" parent="."]
environment = SubResource("Environment_0xlwx")

[node name="DirectionalLight3D" type="DirectionalLight3D" parent="."]
transform = Transform3D(0.941394, 0.00445054, 0.33728, -0.337309, 0.012421, 0.941312, 0, -0.999913, 0.0131943, 0, 0, 0)

[node name="StartXR" parent="." instance=ExtResource("1_tq1cx")]

[node name="Player" type="XROrigin3D" parent="."]
transform = Transform3D(1, 0, 0, 0, 1, 0, 0, 0, 1, 0, 102.12, 0)
script = SubResource("GDScript_6lwvt")

[node name="FishSpawner" parent="Player" node_paths=PackedStringArray("root_node", "player_camera") instance=ExtResource("2_6l4cn")]
root_node = NodePath("../..")
player_camera = NodePath("../Camera")

[node name="Camera" type="XRCamera3D" parent="Player"]
transform = Transform3D(1, 0, 0, 0, 0.553013, 0.833173, 0, -0.833173, 0.553013, -0.539629, 8.88536, 7.2744)

[node name="left_hand" type="XRController3D" parent="Player"]
tracker = &"left_hand"

[node name="LeftHand" parent="Player/left_hand" instance=ExtResource("1_eu78p")]

[node name="right_hand" type="XRController3D" parent="Player"]
tracker = &"right_hand"

[node name="RightHand" parent="Player/right_hand" instance=ExtResource("2_x1aml")]
